qx                 =       0.2953999062 ;
qy                 =       0.2836999065 ;
kf                 =     0.002049480066 ;
kd                 =    -0.001133699329 ;
