qx                 =       0.1953999062 ;
qy                 =       0.2836999065 ;
kf                 =    -0.002097370757 ;
kd                 =     0.001180065814 ;
