qx                 =       0.2453999062 ;
qy                 =       0.2336999065 ;
kf                 =    -0.001181585647 ;
kd                 =     0.002121407363 ;
