qx                 =       0.2453999062 ;
qy                 =       0.3336999065 ;
kf                 =     0.001137170335 ;
kd                 =    -0.002079684687 ;
