qx                 =    0.2453999062 ;
qy                 =    0.2836999065 ;
kf                 =    0.0 ;
kd                 =    0.0 ;
