qx =              26.13 ;
qy =              26.18 ;
dqx =        2.612578195 ;
dqy =        2.659026488 ;
alfxstart =       -2.316794542 ;
betxstart =        103.4788974 ;
alfystart =       0.5375344288 ;
betystart =        20.89946603 ;
x0 =                  0 ;
xp0 =                  0 ;
y0 =                  0 ;
yp0 =                  0 ;
dxstart =        1.231801507 ;
dxpstart =       0.0276205145 ;
dystart =                  0 ;
dypstart =                  0 ;
rf_voltage =            1477400 ;
gamma_transition =        22.77423296 ;
harmonic_number =               4620 ;
phaselag =                0.5 ;
