         135  0.500000000000000       NUMBER OF FIBRES AND L_MAX  
 GLOBAL DATA FOR No name assigned
  0.938272013000000       1.140271572714219E-002   1.79284735000000      MASS, P0C, AG(spin)                                                                                                                                                                   
  -3.14159265358979      T   1.00000000000000      PHASE0, compute_stoch_kick, CHARGE                                                                                                                                                                          
           1 T T CAVITY_TOTALPATH,ALWAYS_EXACTMIS,ALWAYS_EXACT_PATCHING
          10           5 T           2 SECTOR_NMUL_MAX,SECTOR_NMUL,OLD_IMPLEMENTATION_OF_SIXTRACK,HIGHEST_FRINGE                                                                                                                                               
   1.25000000000000        1.50000000000000      F wedge_coeff Valishev Multipole                                                                                                                                                                              
 T  MAD8_WEDGE
  $$$$$$$ END GLOBAL DATA $$$$$$$$$$
  @@@@@@@@@@@@@@@@@@@@ FIBRE @@@@@@@@@@@@@@@@@@@@
 DIRECTION    1 ****    1  135
  THIS IS A CHART THIS IS A CHART THIS IS A CHART THIS IS A CHART 
MAGNET FRAME MAGNET FRAME MAGNET FRAME MAGNET FRAME MAGNET FRAME MAGNET 
  0.000000000000000E+000  0.000000000000000E+000  0.000000000000000E+000
   1.00000000000000       0.000000000000000E+000  0.000000000000000E+000
  0.000000000000000E+000   1.00000000000000       0.000000000000000E+000
  0.000000000000000E+000  0.000000000000000E+000   1.00000000000000     
  0.000000000000000E+000  0.000000000000000E+000  0.000000000000000E+000
   1.00000000000000       0.000000000000000E+000  0.000000000000000E+000
  0.000000000000000E+000   1.00000000000000       0.000000000000000E+000
  0.000000000000000E+000  0.000000000000000E+000   1.00000000000000     
  0.000000000000000E+000  0.000000000000000E+000  0.000000000000000E+000
   1.00000000000000       0.000000000000000E+000  0.000000000000000E+000
  0.000000000000000E+000   1.00000000000000       0.000000000000000E+000
  0.000000000000000E+000  0.000000000000000E+000   1.00000000000000     
END MAGNET FRAME END MAGNET FRAME END MAGNET FRAME END MAGNET FRAME 
  0.000000000000000E+000  0.000000000000000E+000  0.000000000000000E+000  0.000000000000000E+000  0.000000000000000E+000  0.000000000000000E+000                                                                                                               
  0.000000000000000E+000  0.000000000000000E+000  0.000000000000000E+000  0.000000000000000E+000  0.000000000000000E+000  0.000000000000000E+000                                                                                                               
  END OF A CHART  END OF A CHART  END OF A CHART  END OF A CHART  
  NO PATCH 
 $$$$$$$$$$$$$$$$$$$$$$$$$$$$$$$$ ELEMENT $$$$$$$$$$$$$$$$$$$$$$$$$$$$$$$$
          30 SIS18$START              SIS18$START:1           
  0.000000000000000E+000 F F  L,PERMFRINGE,MIS 
  0.500000000000000       0.000000000000000E+000  0.000000000000000E+000  0.000000000000000E+000 FINT,HGAP,H1,H2                                                                                                                                               
  0.000000000000000E+000  0.000000000000000E+000  0.000000000000000E+000  0.000000000000000E+000  0.000000000000000E+000  0.000000000000000E+000 no more mis                                                                                                   
  NO ELECTRIC ELEMENT INFORMATION 
  NO_SOLENOID_PRESENT   0.000000000000000E+000
 MAGNET CHART MAGNET CHART MAGNET CHART MAGNET CHART MAGNET CHART MAGNET CHART 
 T           6           1           0  EXACT METHOD NST NMUL
  0.000000000000000E+000  0.000000000000000E+000  0.000000000000000E+000 TILT=   0.000000000000000E+000 LD LC B0                                                                                        
  1.215199176082425E-002  0.999926161821942        6770.81472159105       1.140271572714219E-002 BETA0 GAMMA0I GAMBET P0C                                                                               
  0.000000000000000E+000  0.000000000000000E+000  EDGES
 F F F  Kill_ent_fringe, kill_exi_fringe, bend_fringe 
MAGNET FRAME MAGNET FRAME MAGNET FRAME MAGNET FRAME MAGNET FRAME MAGNET 
  0.000000000000000E+000  0.000000000000000E+000  0.000000000000000E+000
   1.00000000000000       0.000000000000000E+000  0.000000000000000E+000
  0.000000000000000E+000   1.00000000000000       0.000000000000000E+000
  0.000000000000000E+000  0.000000000000000E+000   1.00000000000000     
  0.000000000000000E+000  0.000000000000000E+000  0.000000000000000E+000
   1.00000000000000       0.000000000000000E+000  0.000000000000000E+000
  0.000000000000000E+000   1.00000000000000       0.000000000000000E+000
  0.000000000000000E+000  0.000000000000000E+000   1.00000000000000     
  0.000000000000000E+000  0.000000000000000E+000  0.000000000000000E+000
   1.00000000000000       0.000000000000000E+000  0.000000000000000E+000
  0.000000000000000E+000   1.00000000000000       0.000000000000000E+000
  0.000000000000000E+000  0.000000000000000E+000   1.00000000000000     
END MAGNET FRAME END MAGNET FRAME END MAGNET FRAME END MAGNET FRAME 
 NO MAGNET APERTURE 
END MAGNET CHART END MAGNET CHART END MAGNET CHART END MAGNET CHART 
 $$$$$$$$$$$$$$$$$$$$$$$$$$$$$$$$   END   $$$$$$$$$$$$$$$$$$$$$$$$$$$$$$$$
  @@@@@@@@@@@@@@@@@@@@  END  @@@@@@@@@@@@@@@@@@@@
  @@@@@@@@@@@@@@@@@@@@ FIBRE @@@@@@@@@@@@@@@@@@@@
 DIRECTION    1 ****    2  135
  THIS IS A CHART THIS IS A CHART THIS IS A CHART THIS IS A CHART 
MAGNET FRAME MAGNET FRAME MAGNET FRAME MAGNET FRAME MAGNET FRAME MAGNET 
  0.000000000000000E+000  0.000000000000000E+000  0.000000000000000E+000
   1.00000000000000       0.000000000000000E+000  0.000000000000000E+000
  0.000000000000000E+000   1.00000000000000       0.000000000000000E+000
  0.000000000000000E+000  0.000000000000000E+000   1.00000000000000     
  0.000000000000000E+000  0.000000000000000E+000  0.322500000000000     
   1.00000000000000       0.000000000000000E+000  0.000000000000000E+000
  0.000000000000000E+000   1.00000000000000       0.000000000000000E+000
  0.000000000000000E+000  0.000000000000000E+000   1.00000000000000     
  0.000000000000000E+000  0.000000000000000E+000  0.645000000000000     
   1.00000000000000       0.000000000000000E+000  0.000000000000000E+000
  0.000000000000000E+000   1.00000000000000       0.000000000000000E+000
  0.000000000000000E+000  0.000000000000000E+000   1.00000000000000     
END MAGNET FRAME END MAGNET FRAME END MAGNET FRAME END MAGNET FRAME 
  0.000000000000000E+000  0.000000000000000E+000  0.000000000000000E+000  0.000000000000000E+000  0.000000000000000E+000  0.000000000000000E+000                                                                                                               
  0.000000000000000E+000  0.000000000000000E+000  0.000000000000000E+000  0.000000000000000E+000  0.000000000000000E+000  0.000000000000000E+000                                                                                                               
  END OF A CHART  END OF A CHART  END OF A CHART  END OF A CHART  
  NO PATCH 
 $$$$$$$$$$$$$$$$$$$$$$$$$$$$$$$$ ELEMENT $$$$$$$$$$$$$$$$$$$$$$$$$$$$$$$$
          31 DR1                      DR1:1                   
  0.645000000000000      F F  L,PERMFRINGE,MIS 
  0.500000000000000       0.000000000000000E+000  0.000000000000000E+000  0.000000000000000E+000 FINT,HGAP,H1,H2                                                                                                                                               
  0.000000000000000E+000  0.000000000000000E+000  0.000000000000000E+000  0.000000000000000E+000  0.000000000000000E+000  0.000000000000000E+000 no more mis                                                                                                   
  NO ELECTRIC ELEMENT INFORMATION 
  NO_SOLENOID_PRESENT   0.000000000000000E+000
 MAGNET CHART MAGNET CHART MAGNET CHART MAGNET CHART MAGNET CHART MAGNET CHART 
 T           2           2           0  EXACT METHOD NST NMUL
  0.645000000000000       0.645000000000000       0.000000000000000E+000 TILT=   0.000000000000000E+000 LD LC B0                                                                                        
  1.215199176082425E-002  0.999926161821942        6770.81472159105       1.140271572714219E-002 BETA0 GAMMA0I GAMBET P0C                                                                               
  0.000000000000000E+000  0.000000000000000E+000  EDGES
 F F F  Kill_ent_fringe, kill_exi_fringe, bend_fringe 
MAGNET FRAME MAGNET FRAME MAGNET FRAME MAGNET FRAME MAGNET FRAME MAGNET 
  0.000000000000000E+000  0.000000000000000E+000  0.000000000000000E+000
   1.00000000000000       0.000000000000000E+000  0.000000000000000E+000
  0.000000000000000E+000   1.00000000000000       0.000000000000000E+000
  0.000000000000000E+000  0.000000000000000E+000   1.00000000000000     
  0.000000000000000E+000  0.000000000000000E+000  0.322500000000000     
   1.00000000000000       0.000000000000000E+000  0.000000000000000E+000
  0.000000000000000E+000   1.00000000000000       0.000000000000000E+000
  0.000000000000000E+000  0.000000000000000E+000   1.00000000000000     
  0.000000000000000E+000  0.000000000000000E+000  0.645000000000000     
   1.00000000000000       0.000000000000000E+000  0.000000000000000E+000
  0.000000000000000E+000   1.00000000000000       0.000000000000000E+000
  0.000000000000000E+000  0.000000000000000E+000   1.00000000000000     
END MAGNET FRAME END MAGNET FRAME END MAGNET FRAME END MAGNET FRAME 
 NO MAGNET APERTURE 
END MAGNET CHART END MAGNET CHART END MAGNET CHART END MAGNET CHART 
 $$$$$$$$$$$$$$$$$$$$$$$$$$$$$$$$   END   $$$$$$$$$$$$$$$$$$$$$$$$$$$$$$$$
  @@@@@@@@@@@@@@@@@@@@  END  @@@@@@@@@@@@@@@@@@@@
  @@@@@@@@@@@@@@@@@@@@ FIBRE @@@@@@@@@@@@@@@@@@@@
 DIRECTION    1 ****    3  135
  THIS IS A CHART THIS IS A CHART THIS IS A CHART THIS IS A CHART 
MAGNET FRAME MAGNET FRAME MAGNET FRAME MAGNET FRAME MAGNET FRAME MAGNET 
  0.000000000000000E+000  0.000000000000000E+000  0.645000000000000     
   1.00000000000000       0.000000000000000E+000  0.000000000000000E+000
  0.000000000000000E+000   1.00000000000000       0.000000000000000E+000
  0.000000000000000E+000  0.000000000000000E+000   1.00000000000000     
 -0.170370868554659       0.000000000000000E+000   1.93909522551260     
  0.991444861373810       0.000000000000000E+000  0.130526192220052     
  0.000000000000000E+000   1.00000000000000       0.000000000000000E+000
 -0.130526192220052       0.000000000000000E+000  0.991444861373810     
 -0.340741737109317       0.000000000000000E+000   3.23319045102521     
  0.965925826289068       0.000000000000000E+000  0.258819045102521     
  0.000000000000000E+000   1.00000000000000       0.000000000000000E+000
 -0.258819045102521       0.000000000000000E+000  0.965925826289068     
END MAGNET FRAME END MAGNET FRAME END MAGNET FRAME END MAGNET FRAME 
  0.000000000000000E+000  0.000000000000000E+000  0.000000000000000E+000  0.000000000000000E+000  0.000000000000000E+000  0.000000000000000E+000                                                                                                               
  0.000000000000000E+000  0.000000000000000E+000  0.000000000000000E+000  0.000000000000000E+000  0.000000000000000E+000  0.000000000000000E+000                                                                                                               
  END OF A CHART  END OF A CHART  END OF A CHART  END OF A CHART  
  NO PATCH 
 $$$$$$$$$$$$$$$$$$$$$$$$$$$$$$$$ ELEMENT $$$$$$$$$$$$$$$$$$$$$$$$$$$$$$$$
          40 RB                       RB:1                    
   2.61799387799149      F F  L,PERMFRINGE,MIS 
  0.000000000000000E+000  3.500000000000000E-002  0.000000000000000E+000  0.000000000000000E+000 FINT,HGAP,H1,H2                                                                                                                                               
  0.000000000000000E+000  0.000000000000000E+000  0.000000000000000E+000  0.000000000000000E+000  0.000000000000000E+000  0.000000000000000E+000 no more mis                                                                                                   
  NO ELECTRIC ELEMENT INFORMATION 
  NO_SOLENOID_PRESENT   0.000000000000000E+000
 MAGNET CHART MAGNET CHART MAGNET CHART MAGNET CHART MAGNET CHART MAGNET CHART 
 T           2           6           5  EXACT METHOD NST NMUL
   2.61799387799149        2.61052384440103       0.100000000000000      TILT=   0.000000000000000E+000 LD LC B0                                                                                        
  1.215199176082425E-002  0.999926161821942        6770.81472159105       1.140271572714219E-002 BETA0 GAMMA0I GAMBET P0C                                                                               
  0.127409035395586       0.127409035395586       EDGES
 F F T  Kill_ent_fringe, kill_exi_fringe, bend_fringe 
MAGNET FRAME MAGNET FRAME MAGNET FRAME MAGNET FRAME MAGNET FRAME MAGNET 
  0.000000000000000E+000  0.000000000000000E+000  0.645000000000000     
   1.00000000000000       0.000000000000000E+000  0.000000000000000E+000
  0.000000000000000E+000   1.00000000000000       0.000000000000000E+000
  0.000000000000000E+000  0.000000000000000E+000   1.00000000000000     
 -0.170370868554659       0.000000000000000E+000   1.93909522551260     
  0.991444861373810       0.000000000000000E+000  0.130526192220052     
  0.000000000000000E+000   1.00000000000000       0.000000000000000E+000
 -0.130526192220052       0.000000000000000E+000  0.991444861373810     
 -0.340741737109317       0.000000000000000E+000   3.23319045102521     
  0.965925826289068       0.000000000000000E+000  0.258819045102521     
  0.000000000000000E+000   1.00000000000000       0.000000000000000E+000
 -0.258819045102521       0.000000000000000E+000  0.965925826289068     
END MAGNET FRAME END MAGNET FRAME END MAGNET FRAME END MAGNET FRAME 
 NO MAGNET APERTURE 
END MAGNET CHART END MAGNET CHART END MAGNET CHART END MAGNET CHART 
  0.100000000000000       0.000000000000000E+000           1  BN AN %f            1                                                                                                                                                                            
  0.000000000000000E+000  0.000000000000000E+000           1  BN AN %f            2                                                                                                                                                                            
  0.000000000000000E+000  0.000000000000000E+000           1  BN AN %f            3                                                                                                                                                                            
  0.000000000000000E+000  0.000000000000000E+000           1  BN AN %f            4                                                                                                                                                                            
  0.000000000000000E+000  0.000000000000000E+000           1  BN AN %f            5                                                                                                                                                                            
 F  driftkick 
 $$$$$$$$$$$$$$$$$$$$$$$$$$$$$$$$   END   $$$$$$$$$$$$$$$$$$$$$$$$$$$$$$$$
  @@@@@@@@@@@@@@@@@@@@  END  @@@@@@@@@@@@@@@@@@@@
  @@@@@@@@@@@@@@@@@@@@ FIBRE @@@@@@@@@@@@@@@@@@@@
 DIRECTION    1 ****    4  135
  THIS IS A CHART THIS IS A CHART THIS IS A CHART THIS IS A CHART 
MAGNET FRAME MAGNET FRAME MAGNET FRAME MAGNET FRAME MAGNET FRAME MAGNET 
 -0.340741737109317       0.000000000000000E+000   3.23319045102521     
  0.965925826289068       0.000000000000000E+000  0.258819045102521     
  0.000000000000000E+000   1.00000000000000       0.000000000000000E+000
 -0.258819045102521       0.000000000000000E+000  0.965925826289068     
 -0.466268973984040       0.000000000000000E+000   3.70166447677541     
  0.965925826289068       0.000000000000000E+000  0.258819045102521     
  0.000000000000000E+000   1.00000000000000       0.000000000000000E+000
 -0.258819045102521       0.000000000000000E+000  0.965925826289068     
 -0.591796210858762       0.000000000000000E+000   4.17013850252560     
  0.965925826289068       0.000000000000000E+000  0.258819045102521     
  0.000000000000000E+000   1.00000000000000       0.000000000000000E+000
 -0.258819045102521       0.000000000000000E+000  0.965925826289068     
END MAGNET FRAME END MAGNET FRAME END MAGNET FRAME END MAGNET FRAME 
  0.000000000000000E+000  0.000000000000000E+000  0.000000000000000E+000  0.000000000000000E+000  0.000000000000000E+000  0.000000000000000E+000                                                                                                               
  0.000000000000000E+000  0.000000000000000E+000  0.000000000000000E+000  0.000000000000000E+000  0.000000000000000E+000  0.000000000000000E+000                                                                                                               
  END OF A CHART  END OF A CHART  END OF A CHART  END OF A CHART  
  NO PATCH 
 $$$$$$$$$$$$$$$$$$$$$$$$$$$$$$$$ ELEMENT $$$$$$$$$$$$$$$$$$$$$$$$$$$$$$$$
          31 DR2                      DR2:1                   
  0.970000000000000      F F  L,PERMFRINGE,MIS 
  0.500000000000000       0.000000000000000E+000  0.000000000000000E+000  0.000000000000000E+000 FINT,HGAP,H1,H2                                                                                                                                               
  0.000000000000000E+000  0.000000000000000E+000  0.000000000000000E+000  0.000000000000000E+000  0.000000000000000E+000  0.000000000000000E+000 no more mis                                                                                                   
  NO ELECTRIC ELEMENT INFORMATION 
  NO_SOLENOID_PRESENT   0.000000000000000E+000
 MAGNET CHART MAGNET CHART MAGNET CHART MAGNET CHART MAGNET CHART MAGNET CHART 
 T           2           2           0  EXACT METHOD NST NMUL
  0.970000000000000       0.970000000000000       0.000000000000000E+000 TILT=   0.000000000000000E+000 LD LC B0                                                                                        
  1.215199176082425E-002  0.999926161821942        6770.81472159105       1.140271572714219E-002 BETA0 GAMMA0I GAMBET P0C                                                                               
  0.000000000000000E+000  0.000000000000000E+000  EDGES
 F F F  Kill_ent_fringe, kill_exi_fringe, bend_fringe 
MAGNET FRAME MAGNET FRAME MAGNET FRAME MAGNET FRAME MAGNET FRAME MAGNET 
 -0.340741737109317       0.000000000000000E+000   3.23319045102521     
  0.965925826289068       0.000000000000000E+000  0.258819045102521     
  0.000000000000000E+000   1.00000000000000       0.000000000000000E+000
 -0.258819045102521       0.000000000000000E+000  0.965925826289068     
 -0.466268973984040       0.000000000000000E+000   3.70166447677541     
  0.965925826289068       0.000000000000000E+000  0.258819045102521     
  0.000000000000000E+000   1.00000000000000       0.000000000000000E+000
 -0.258819045102521       0.000000000000000E+000  0.965925826289068     
 -0.591796210858762       0.000000000000000E+000   4.17013850252560     
  0.965925826289068       0.000000000000000E+000  0.258819045102521     
  0.000000000000000E+000   1.00000000000000       0.000000000000000E+000
 -0.258819045102521       0.000000000000000E+000  0.965925826289068     
END MAGNET FRAME END MAGNET FRAME END MAGNET FRAME END MAGNET FRAME 
 NO MAGNET APERTURE 
END MAGNET CHART END MAGNET CHART END MAGNET CHART END MAGNET CHART 
 $$$$$$$$$$$$$$$$$$$$$$$$$$$$$$$$   END   $$$$$$$$$$$$$$$$$$$$$$$$$$$$$$$$
  @@@@@@@@@@@@@@@@@@@@  END  @@@@@@@@@@@@@@@@@@@@
  @@@@@@@@@@@@@@@@@@@@ FIBRE @@@@@@@@@@@@@@@@@@@@
 DIRECTION    1 ****    5  135
  THIS IS A CHART THIS IS A CHART THIS IS A CHART THIS IS A CHART 
MAGNET FRAME MAGNET FRAME MAGNET FRAME MAGNET FRAME MAGNET FRAME MAGNET 
 -0.591796210858762       0.000000000000000E+000   4.17013850252560     
  0.965925826289068       0.000000000000000E+000  0.258819045102521     
  0.000000000000000E+000   1.00000000000000       0.000000000000000E+000
 -0.258819045102521       0.000000000000000E+000  0.965925826289068     
  -1.09129832338191       0.000000000000000E+000   5.37604327701300     
  0.923879532511287       0.000000000000000E+000  0.382683432365090     
  0.000000000000000E+000   1.00000000000000       0.000000000000000E+000
 -0.382683432365090       0.000000000000000E+000  0.923879532511287     
  -1.59080043590506       0.000000000000000E+000   6.58194805150040     
  0.866025403784439       0.000000000000000E+000  0.500000000000000     
  0.000000000000000E+000   1.00000000000000       0.000000000000000E+000
 -0.500000000000000       0.000000000000000E+000  0.866025403784439     
END MAGNET FRAME END MAGNET FRAME END MAGNET FRAME END MAGNET FRAME 
  0.000000000000000E+000  0.000000000000000E+000  0.000000000000000E+000  0.000000000000000E+000  0.000000000000000E+000  0.000000000000000E+000                                                                                                               
  0.000000000000000E+000  0.000000000000000E+000  0.000000000000000E+000  0.000000000000000E+000  0.000000000000000E+000  0.000000000000000E+000                                                                                                               
  END OF A CHART  END OF A CHART  END OF A CHART  END OF A CHART  
  NO PATCH 
 $$$$$$$$$$$$$$$$$$$$$$$$$$$$$$$$ ELEMENT $$$$$$$$$$$$$$$$$$$$$$$$$$$$$$$$
          40 RB                       RB:2                    
   2.61799387799149      F F  L,PERMFRINGE,MIS 
  0.000000000000000E+000  3.500000000000000E-002  0.000000000000000E+000  0.000000000000000E+000 FINT,HGAP,H1,H2                                                                                                                                               
  0.000000000000000E+000  0.000000000000000E+000  0.000000000000000E+000  0.000000000000000E+000  0.000000000000000E+000  0.000000000000000E+000 no more mis                                                                                                   
  NO ELECTRIC ELEMENT INFORMATION 
  NO_SOLENOID_PRESENT   0.000000000000000E+000
 MAGNET CHART MAGNET CHART MAGNET CHART MAGNET CHART MAGNET CHART MAGNET CHART 
 T           2           6           5  EXACT METHOD NST NMUL
   2.61799387799149        2.61052384440103       0.100000000000000      TILT=   0.000000000000000E+000 LD LC B0                                                                                        
  1.215199176082425E-002  0.999926161821942        6770.81472159105       1.140271572714219E-002 BETA0 GAMMA0I GAMBET P0C                                                                               
  0.127409035395586       0.127409035395586       EDGES
 F F T  Kill_ent_fringe, kill_exi_fringe, bend_fringe 
MAGNET FRAME MAGNET FRAME MAGNET FRAME MAGNET FRAME MAGNET FRAME MAGNET 
 -0.591796210858762       0.000000000000000E+000   4.17013850252560     
  0.965925826289068       0.000000000000000E+000  0.258819045102521     
  0.000000000000000E+000   1.00000000000000       0.000000000000000E+000
 -0.258819045102521       0.000000000000000E+000  0.965925826289068     
  -1.09129832338191       0.000000000000000E+000   5.37604327701300     
  0.923879532511287       0.000000000000000E+000  0.382683432365090     
  0.000000000000000E+000   1.00000000000000       0.000000000000000E+000
 -0.382683432365090       0.000000000000000E+000  0.923879532511287     
  -1.59080043590506       0.000000000000000E+000   6.58194805150040     
  0.866025403784439       0.000000000000000E+000  0.500000000000000     
  0.000000000000000E+000   1.00000000000000       0.000000000000000E+000
 -0.500000000000000       0.000000000000000E+000  0.866025403784438     
END MAGNET FRAME END MAGNET FRAME END MAGNET FRAME END MAGNET FRAME 
 NO MAGNET APERTURE 
END MAGNET CHART END MAGNET CHART END MAGNET CHART END MAGNET CHART 
  0.100000000000000       0.000000000000000E+000           1  BN AN %f            1                                                                                                                                                                            
  0.000000000000000E+000  0.000000000000000E+000           1  BN AN %f            2                                                                                                                                                                            
  0.000000000000000E+000  0.000000000000000E+000           1  BN AN %f            3                                                                                                                                                                            
  0.000000000000000E+000  0.000000000000000E+000           1  BN AN %f            4                                                                                                                                                                            
  0.000000000000000E+000  0.000000000000000E+000           1  BN AN %f            5                                                                                                                                                                            
 F  driftkick 
 $$$$$$$$$$$$$$$$$$$$$$$$$$$$$$$$   END   $$$$$$$$$$$$$$$$$$$$$$$$$$$$$$$$
  @@@@@@@@@@@@@@@@@@@@  END  @@@@@@@@@@@@@@@@@@@@
  @@@@@@@@@@@@@@@@@@@@ FIBRE @@@@@@@@@@@@@@@@@@@@
 DIRECTION    1 ****    6  135
  THIS IS A CHART THIS IS A CHART THIS IS A CHART THIS IS A CHART 
MAGNET FRAME MAGNET FRAME MAGNET FRAME MAGNET FRAME MAGNET FRAME MAGNET 
  -1.59080043590506       0.000000000000000E+000   6.58194805150040     
  0.866025403784439       0.000000000000000E+000  0.500000000000000     
  0.000000000000000E+000   1.00000000000000       0.000000000000000E+000
 -0.500000000000000       0.000000000000000E+000  0.866025403784439     
  -3.30055336090506       0.000000000000000E+000   9.54332698598990     
  0.866025403784439       0.000000000000000E+000  0.500000000000000     
  0.000000000000000E+000   1.00000000000000       0.000000000000000E+000
 -0.500000000000000       0.000000000000000E+000  0.866025403784439     
  -5.01030628590506       0.000000000000000E+000   12.5047059204794     
  0.866025403784439       0.000000000000000E+000  0.500000000000000     
  0.000000000000000E+000   1.00000000000000       0.000000000000000E+000
 -0.500000000000000       0.000000000000000E+000  0.866025403784439     
END MAGNET FRAME END MAGNET FRAME END MAGNET FRAME END MAGNET FRAME 
  0.000000000000000E+000  0.000000000000000E+000  0.000000000000000E+000  0.000000000000000E+000  0.000000000000000E+000  0.000000000000000E+000                                                                                                               
  0.000000000000000E+000  0.000000000000000E+000  0.000000000000000E+000  0.000000000000000E+000  0.000000000000000E+000  0.000000000000000E+000                                                                                                               
  END OF A CHART  END OF A CHART  END OF A CHART  END OF A CHART  
  NO PATCH 
 $$$$$$$$$$$$$$$$$$$$$$$$$$$$$$$$ ELEMENT $$$$$$$$$$$$$$$$$$$$$$$$$$$$$$$$
          31 DR3                      DR3:1                   
   6.83901170000000      F F  L,PERMFRINGE,MIS 
  0.500000000000000       0.000000000000000E+000  0.000000000000000E+000  0.000000000000000E+000 FINT,HGAP,H1,H2                                                                                                                                               
  0.000000000000000E+000  0.000000000000000E+000  0.000000000000000E+000  0.000000000000000E+000  0.000000000000000E+000  0.000000000000000E+000 no more mis                                                                                                   
  NO ELECTRIC ELEMENT INFORMATION 
  NO_SOLENOID_PRESENT   0.000000000000000E+000
 MAGNET CHART MAGNET CHART MAGNET CHART MAGNET CHART MAGNET CHART MAGNET CHART 
 T           2          14           0  EXACT METHOD NST NMUL
   6.83901170000000        6.83901170000000       0.000000000000000E+000 TILT=   0.000000000000000E+000 LD LC B0                                                                                        
  1.215199176082425E-002  0.999926161821942        6770.81472159105       1.140271572714219E-002 BETA0 GAMMA0I GAMBET P0C                                                                               
  0.000000000000000E+000  0.000000000000000E+000  EDGES
 F F F  Kill_ent_fringe, kill_exi_fringe, bend_fringe 
MAGNET FRAME MAGNET FRAME MAGNET FRAME MAGNET FRAME MAGNET FRAME MAGNET 
  -1.59080043590506       0.000000000000000E+000   6.58194805150040     
  0.866025403784439       0.000000000000000E+000  0.500000000000000     
  0.000000000000000E+000   1.00000000000000       0.000000000000000E+000
 -0.500000000000000       0.000000000000000E+000  0.866025403784439     
  -3.30055336090506       0.000000000000000E+000   9.54332698598990     
  0.866025403784439       0.000000000000000E+000  0.500000000000000     
  0.000000000000000E+000   1.00000000000000       0.000000000000000E+000
 -0.500000000000000       0.000000000000000E+000  0.866025403784439     
  -5.01030628590506       0.000000000000000E+000   12.5047059204794     
  0.866025403784439       0.000000000000000E+000  0.500000000000000     
  0.000000000000000E+000   1.00000000000000       0.000000000000000E+000
 -0.500000000000000       0.000000000000000E+000  0.866025403784439     
END MAGNET FRAME END MAGNET FRAME END MAGNET FRAME END MAGNET FRAME 
 NO MAGNET APERTURE 
END MAGNET CHART END MAGNET CHART END MAGNET CHART END MAGNET CHART 
 $$$$$$$$$$$$$$$$$$$$$$$$$$$$$$$$   END   $$$$$$$$$$$$$$$$$$$$$$$$$$$$$$$$
  @@@@@@@@@@@@@@@@@@@@  END  @@@@@@@@@@@@@@@@@@@@
  @@@@@@@@@@@@@@@@@@@@ FIBRE @@@@@@@@@@@@@@@@@@@@
 DIRECTION    1 ****    7  135
  THIS IS A CHART THIS IS A CHART THIS IS A CHART THIS IS A CHART 
MAGNET FRAME MAGNET FRAME MAGNET FRAME MAGNET FRAME MAGNET FRAME MAGNET 
  -5.01030628590506       0.000000000000000E+000   12.5047059204794     
  0.866025403784439       0.000000000000000E+000  0.500000000000000     
  0.000000000000000E+000   1.00000000000000       0.000000000000000E+000
 -0.500000000000000       0.000000000000000E+000  0.866025403784439     
  -5.27030628590506       0.000000000000000E+000   12.9550391304473     
  0.866025403784439       0.000000000000000E+000  0.500000000000000     
  0.000000000000000E+000   1.00000000000000       0.000000000000000E+000
 -0.500000000000000       0.000000000000000E+000  0.866025403784439     
  -5.53030628590506       0.000000000000000E+000   13.4053723404152     
  0.866025403784439       0.000000000000000E+000  0.500000000000000     
  0.000000000000000E+000   1.00000000000000       0.000000000000000E+000
 -0.500000000000000       0.000000000000000E+000  0.866025403784439     
END MAGNET FRAME END MAGNET FRAME END MAGNET FRAME END MAGNET FRAME 
  0.000000000000000E+000  0.000000000000000E+000  0.000000000000000E+000  0.000000000000000E+000  0.000000000000000E+000  0.000000000000000E+000                                                                                                               
  0.000000000000000E+000  0.000000000000000E+000  0.000000000000000E+000  0.000000000000000E+000  0.000000000000000E+000  0.000000000000000E+000                                                                                                               
  END OF A CHART  END OF A CHART  END OF A CHART  END OF A CHART  
  NO PATCH 
 $$$$$$$$$$$$$$$$$$$$$$$$$$$$$$$$ ELEMENT $$$$$$$$$$$$$$$$$$$$$$$$$$$$$$$$
          37 QS1F                     QS1F:1                  
   1.04000000000000      F F  L,PERMFRINGE,MIS 
  0.500000000000000       0.000000000000000E+000  0.000000000000000E+000  0.000000000000000E+000 FINT,HGAP,H1,H2                                                                                                                                               
  0.000000000000000E+000  0.000000000000000E+000  0.000000000000000E+000  0.000000000000000E+000  0.000000000000000E+000  0.000000000000000E+000 no more mis                                                                                                   
  NO ELECTRIC ELEMENT INFORMATION 
  NO_SOLENOID_PRESENT   0.000000000000000E+000
 MAGNET CHART MAGNET CHART MAGNET CHART MAGNET CHART MAGNET CHART MAGNET CHART 
 T           6           4           2  EXACT METHOD NST NMUL
   1.04000000000000        1.04000000000000       0.000000000000000E+000 TILT=   0.000000000000000E+000 LD LC B0                                                                                        
  1.215199176082425E-002  0.999926161821942        6770.81472159105       1.140271572714219E-002 BETA0 GAMMA0I GAMBET P0C                                                                               
  0.000000000000000E+000  0.000000000000000E+000  EDGES
 F F F  Kill_ent_fringe, kill_exi_fringe, bend_fringe 
MAGNET FRAME MAGNET FRAME MAGNET FRAME MAGNET FRAME MAGNET FRAME MAGNET 
  -5.01030628590506       0.000000000000000E+000   12.5047059204794     
  0.866025403784439       0.000000000000000E+000  0.500000000000000     
  0.000000000000000E+000   1.00000000000000       0.000000000000000E+000
 -0.500000000000000       0.000000000000000E+000  0.866025403784439     
  -5.27030628590506       0.000000000000000E+000   12.9550391304473     
  0.866025403784439       0.000000000000000E+000  0.500000000000000     
  0.000000000000000E+000   1.00000000000000       0.000000000000000E+000
 -0.500000000000000       0.000000000000000E+000  0.866025403784439     
  -5.53030628590506       0.000000000000000E+000   13.4053723404152     
  0.866025403784439       0.000000000000000E+000  0.500000000000000     
  0.000000000000000E+000   1.00000000000000       0.000000000000000E+000
 -0.500000000000000       0.000000000000000E+000  0.866025403784439     
END MAGNET FRAME END MAGNET FRAME END MAGNET FRAME END MAGNET FRAME 
 NO MAGNET APERTURE 
END MAGNET CHART END MAGNET CHART END MAGNET CHART END MAGNET CHART 
  0.000000000000000E+000  0.000000000000000E+000           1  BN AN %f            1                                                                                                                                                                            
  0.311872401000000       0.000000000000000E+000           1  BN AN %f            2                                                                                                                                                                            
 $$$$$$$$$$$$$$$$$$$$$$$$$$$$$$$$   END   $$$$$$$$$$$$$$$$$$$$$$$$$$$$$$$$
  @@@@@@@@@@@@@@@@@@@@  END  @@@@@@@@@@@@@@@@@@@@
  @@@@@@@@@@@@@@@@@@@@ FIBRE @@@@@@@@@@@@@@@@@@@@
 DIRECTION    1 ****    8  135
  THIS IS A CHART THIS IS A CHART THIS IS A CHART THIS IS A CHART 
MAGNET FRAME MAGNET FRAME MAGNET FRAME MAGNET FRAME MAGNET FRAME MAGNET 
  -5.53030628590506       0.000000000000000E+000   13.4053723404152     
  0.866025403784439       0.000000000000000E+000  0.500000000000000     
  0.000000000000000E+000   1.00000000000000       0.000000000000000E+000
 -0.500000000000000       0.000000000000000E+000  0.866025403784439     
  -5.68030628590506       0.000000000000000E+000   13.6651799615505     
  0.866025403784439       0.000000000000000E+000  0.500000000000000     
  0.000000000000000E+000   1.00000000000000       0.000000000000000E+000
 -0.500000000000000       0.000000000000000E+000  0.866025403784439     
  -5.83030628590506       0.000000000000000E+000   13.9249875826859     
  0.866025403784439       0.000000000000000E+000  0.500000000000000     
  0.000000000000000E+000   1.00000000000000       0.000000000000000E+000
 -0.500000000000000       0.000000000000000E+000  0.866025403784439     
END MAGNET FRAME END MAGNET FRAME END MAGNET FRAME END MAGNET FRAME 
  0.000000000000000E+000  0.000000000000000E+000  0.000000000000000E+000  0.000000000000000E+000  0.000000000000000E+000  0.000000000000000E+000                                                                                                               
  0.000000000000000E+000  0.000000000000000E+000  0.000000000000000E+000  0.000000000000000E+000  0.000000000000000E+000  0.000000000000000E+000                                                                                                               
  END OF A CHART  END OF A CHART  END OF A CHART  END OF A CHART  
  NO PATCH 
 $$$$$$$$$$$$$$$$$$$$$$$$$$$$$$$$ ELEMENT $$$$$$$$$$$$$$$$$$$$$$$$$$$$$$$$
          31 DR4                      DR4:1                   
  0.600000000000000      F F  L,PERMFRINGE,MIS 
  0.500000000000000       0.000000000000000E+000  0.000000000000000E+000  0.000000000000000E+000 FINT,HGAP,H1,H2                                                                                                                                               
  0.000000000000000E+000  0.000000000000000E+000  0.000000000000000E+000  0.000000000000000E+000  0.000000000000000E+000  0.000000000000000E+000 no more mis                                                                                                   
  NO ELECTRIC ELEMENT INFORMATION 
  NO_SOLENOID_PRESENT   0.000000000000000E+000
 MAGNET CHART MAGNET CHART MAGNET CHART MAGNET CHART MAGNET CHART MAGNET CHART 
 T           2           2           0  EXACT METHOD NST NMUL
  0.600000000000000       0.600000000000000       0.000000000000000E+000 TILT=   0.000000000000000E+000 LD LC B0                                                                                        
  1.215199176082425E-002  0.999926161821942        6770.81472159105       1.140271572714219E-002 BETA0 GAMMA0I GAMBET P0C                                                                               
  0.000000000000000E+000  0.000000000000000E+000  EDGES
 F F F  Kill_ent_fringe, kill_exi_fringe, bend_fringe 
MAGNET FRAME MAGNET FRAME MAGNET FRAME MAGNET FRAME MAGNET FRAME MAGNET 
  -5.53030628590506       0.000000000000000E+000   13.4053723404152     
  0.866025403784439       0.000000000000000E+000  0.500000000000000     
  0.000000000000000E+000   1.00000000000000       0.000000000000000E+000
 -0.500000000000000       0.000000000000000E+000  0.866025403784439     
  -5.68030628590506       0.000000000000000E+000   13.6651799615505     
  0.866025403784439       0.000000000000000E+000  0.500000000000000     
  0.000000000000000E+000   1.00000000000000       0.000000000000000E+000
 -0.500000000000000       0.000000000000000E+000  0.866025403784439     
  -5.83030628590506       0.000000000000000E+000   13.9249875826859     
  0.866025403784439       0.000000000000000E+000  0.500000000000000     
  0.000000000000000E+000   1.00000000000000       0.000000000000000E+000
 -0.500000000000000       0.000000000000000E+000  0.866025403784439     
END MAGNET FRAME END MAGNET FRAME END MAGNET FRAME END MAGNET FRAME 
 NO MAGNET APERTURE 
END MAGNET CHART END MAGNET CHART END MAGNET CHART END MAGNET CHART 
 $$$$$$$$$$$$$$$$$$$$$$$$$$$$$$$$   END   $$$$$$$$$$$$$$$$$$$$$$$$$$$$$$$$
  @@@@@@@@@@@@@@@@@@@@  END  @@@@@@@@@@@@@@@@@@@@
  @@@@@@@@@@@@@@@@@@@@ FIBRE @@@@@@@@@@@@@@@@@@@@
 DIRECTION    1 ****    9  135
  THIS IS A CHART THIS IS A CHART THIS IS A CHART THIS IS A CHART 
MAGNET FRAME MAGNET FRAME MAGNET FRAME MAGNET FRAME MAGNET FRAME MAGNET 
