circumference = 628.318530718
rf_voltage = 12321.2966992
phi_s = 0
harmonic_number = 7
gamma_transition = 6.06524287599
n_macroparticles = 10000
energy = 2338272055.0
gamma = 2.49210461976
bunch_length = 2.08633333268e-07
LongitudinalCut = 2.4
LongitudinalJohoParameter = 1.2
x0 = 6.03257001734e-13
xp0 = 4.23120604856e-14
betax0 = 21.6536106985
alphax0 = 0.0282942969833
etax0 = 3.31410200589
etapx0 = -0.00142669038069
y0 = 0.0
yp0 = 0.0
betay0 = 12.0885080205
alphay0 = 0.111790950328
etay0 = 0.0
etapy0 = 0.0
epsn_x = 2.036e-06
epsn_y = 2.225e-06
TransverseCut = 5
