kf                 =    0.0003555749924 ;
kd                 =   -0.0002501983416 ;
