pfki1f             =    -0.002793657767 ;
pfki1d             =     0.002390249195 ;
