kf                 =    -0.004124999289 ;
kd                 =     0.003471839061 ;
