kf                 =    -0.002422393688 ;
kd                 =     0.002499463753 ;
