kf                 =     -0.00356108046 ;
kd                 =     0.002713752966 ;
