kf                 =    -0.005622295466 ;
kd                 =     0.004505944294 ;
