kf                 =    -0.005044887321 ;
kd                 =     0.004018845423 ;
