pfki1f             =    -0.002677179191 ;
pfki2f             =      0.02834473835 ;
pfki3f             =      0.04945831789 ;
pfki1d             =     0.002438425673 ;
pfki2d             =     -0.03349702489 ;
pfki3d             =      -0.0739079706 ;
