betay0 = 3.69930780364
energy = 1098272030.29
etax0 = -1.39294879161
turns_max = 10000
intensity = 1.6e+13
etay0 = 0.0
betax0 = 5.51624427986
y0 = 0.0
x0 = 2.01379340883e-15
turns_print = [-1, 99, 199, 299, 399, 499, 599, 699, 799, 899, 999, 1099, 1199, 1299, 1399, 1499, 1599, 1699, 1799, 1899, 1999, 2099, 2199, 2299, 2399, 2499, 2599, 2699, 2799, 2899, 2999, 3099, 3199, 3299, 3399, 3499, 3599, 3699, 3799, 3899, 3999, 4099, 4199, 4299, 4399, 4499, 4599, 4699, 4799, 4899, 4999, 5099, 5199, 5299, 5399, 5499, 5599, 5699, 5799, 5899, 5999, 6099, 6199, 6299, 6399, 6499, 6599, 6699, 6799, 6899, 6999, 7099, 7199, 7299, 7399, 7499, 7599, 7699, 7799, 7899, 7999, 8099, 8199, 8299, 8399, 8499, 8599, 8699, 8799, 8899, 8999, 9099, 9199, 9299, 9399, 9499, 9599, 9699, 9799, 9899, 9999]
gamma_transition = 4.15187531848
yp0 = 0.0
epsn_y = 2e-06
epsn_x = 2e-06
circumference = 157.079632679
TransverseCut = 15
beta = 0.519752965785
alphay0 = 3.94129173742e-15
etapx0 = 7.91033905045e-16
alphax0 = -7.07767178199e-15
n_macroparticles = 50000
tomo_matfile = tomoscope_file/tomo_data_H_nomWorkPoint_ct_297_turns2.76.mat
macrosize = 320000000.0
xp0 = 1.11022302463e-16
etapy0 = 0.0
gamma = 1.17052624163
