         203  0.500000000000000       NUMBER OF FIBRES AND L_MAX  
 GLOBAL DATA FOR No name assigned
  0.938272013000000        1.14170002712006        1.79284735000000      MASS, P0C, AG(spin)                                                                                                                                                                   
  -3.14159265358979      T   1.00000000000000      PHASE0, compute_stoch_kick, CHARGE                                                                                                                                                                          
           1 T T CAVITY_TOTALPATH,ALWAYS_EXACTMIS,ALWAYS_EXACT_PATCHING
          10           5 T           2 SECTOR_NMUL_MAX,SECTOR_NMUL,OLD_IMPLEMENTATION_OF_SIXTRACK,HIGHEST_FRINGE                                                                                                                                               
   1.25000000000000        1.50000000000000      F wedge_coeff Valishev Multipole                                                                                                                                                                              b
 T  MAD8_WEDGE
  $$$$$$$ END GLOBAL DATA $$$$$$$$$$
  @@@@@@@@@@@@@@@@@@@@ FIBRE @@@@@@@@@@@@@@@@@@@@
 DIRECTION    1    0    1  203
  THIS IS A CHART THIS IS A CHART THIS IS A CHART THIS IS A CHART 
MAGNET FRAME MAGNET FRAME MAGNET FRAME MAGNET FRAME MAGNET FRAME MAGNET 
  0.000000000000000E+000  0.000000000000000E+000  0.000000000000000E+000
   1.00000000000000       0.000000000000000E+000  0.000000000000000E+000
  0.000000000000000E+000   1.00000000000000       0.000000000000000E+000
  0.000000000000000E+000  0.000000000000000E+000   1.00000000000000     
  0.000000000000000E+000  0.000000000000000E+000  0.000000000000000E+000
   1.00000000000000       0.000000000000000E+000  0.000000000000000E+000
  0.000000000000000E+000   1.00000000000000       0.000000000000000E+000
  0.000000000000000E+000  0.000000000000000E+000   1.00000000000000     
  0.000000000000000E+000  0.000000000000000E+000  0.000000000000000E+000
   1.00000000000000       0.000000000000000E+000  0.000000000000000E+000
  0.000000000000000E+000   1.00000000000000       0.000000000000000E+000
  0.000000000000000E+000  0.000000000000000E+000   1.00000000000000     
END MAGNET FRAME END MAGNET FRAME END MAGNET FRAME END MAGNET FRAME 
  0.000000000000000E+000  0.000000000000000E+000  0.000000000000000E+000  0.000000000000000E+000  0.000000000000000E+000  0.000000000000000E+000                                                                                                               
  0.000000000000000E+000  0.000000000000000E+000  0.000000000000000E+000  0.000000000000000E+000  0.000000000000000E+000  0.000000000000000E+000                                                                                                               
  END OF A CHART  END OF A CHART  END OF A CHART  END OF A CHART  
  NO PATCH 
 $$$$$$$$$$$$$$$$$$$$$$$$$$$$$$$$ ELEMENT $$$$$$$$$$$$$$$$$$$$$$$$$$$$$$$$
          30 ARC1$START               ARC1$START:1            
  0.000000000000000E+000 F F  L,PERMFRINGE,MIS 
  0.500000000000000       0.000000000000000E+000  0.000000000000000E+000  0.000000000000000E+000 FINT,HGAP,H1,H2                                                                                                                                               
  0.000000000000000E+000  0.000000000000000E+000  0.000000000000000E+000  0.000000000000000E+000  0.000000000000000E+000  0.000000000000000E+000 no more mis                                                                                                   
  NO ELECTRIC ELEMENT INFORMATION 
  NO_SOLENOID_PRESENT   0.000000000000000E+000
 MAGNET CHART MAGNET CHART MAGNET CHART MAGNET CHART MAGNET CHART MAGNET CHART 
 F           6           1           0  EXACT METHOD NST NMUL
  0.000000000000000E+000  0.000000000000000E+000  0.000000000000000E+000 TILT=   0.000000000000000E+000 LD LC B0                                                                                        
  0.772577875781603       0.634920015319084       0.675388251630995        1.14170002712006      BETA0 GAMMA0I GAMBET P0C                                                                               
  0.000000000000000E+000  0.000000000000000E+000  EDGES
 F F F  Kill_ent_fringe, kill_exi_fringe, bend_fringe 
MAGNET FRAME MAGNET FRAME MAGNET FRAME MAGNET FRAME MAGNET FRAME MAGNET 
  0.000000000000000E+000  0.000000000000000E+000  0.000000000000000E+000
   1.00000000000000       0.000000000000000E+000  0.000000000000000E+000
  0.000000000000000E+000   1.00000000000000       0.000000000000000E+000
  0.000000000000000E+000  0.000000000000000E+000   1.00000000000000     
  0.000000000000000E+000  0.000000000000000E+000  0.000000000000000E+000
   1.00000000000000       0.000000000000000E+000  0.000000000000000E+000
  0.000000000000000E+000   1.00000000000000       0.000000000000000E+000
  0.000000000000000E+000  0.000000000000000E+000   1.00000000000000     
  0.000000000000000E+000  0.000000000000000E+000  0.000000000000000E+000
   1.00000000000000       0.000000000000000E+000  0.000000000000000E+000
  0.000000000000000E+000   1.00000000000000       0.000000000000000E+000
  0.000000000000000E+000  0.000000000000000E+000   1.00000000000000     
END MAGNET FRAME END MAGNET FRAME END MAGNET FRAME END MAGNET FRAME 
 NO MAGNET APERTURE 
END MAGNET CHART END MAGNET CHART END MAGNET CHART END MAGNET CHART 
 $$$$$$$$$$$$$$$$$$$$$$$$$$$$$$$$   END   $$$$$$$$$$$$$$$$$$$$$$$$$$$$$$$$
  @@@@@@@@@@@@@@@@@@@@  END  @@@@@@@@@@@@@@@@@@@@
  @@@@@@@@@@@@@@@@@@@@ FIBRE @@@@@@@@@@@@@@@@@@@@
 DIRECTION    1    0    2  203
  THIS IS A CHART THIS IS A CHART THIS IS A CHART THIS IS A CHART 
MAGNET FRAME MAGNET FRAME MAGNET FRAME MAGNET FRAME MAGNET FRAME MAGNET 
  0.000000000000000E+000  0.000000000000000E+000  0.000000000000000E+000
   1.00000000000000       0.000000000000000E+000  0.000000000000000E+000
  0.000000000000000E+000   1.00000000000000       0.000000000000000E+000
  0.000000000000000E+000  0.000000000000000E+000   1.00000000000000     
  0.000000000000000E+000  0.000000000000000E+000  5.000000000000000E-002
   1.00000000000000       0.000000000000000E+000  0.000000000000000E+000
  0.000000000000000E+000   1.00000000000000       0.000000000000000E+000
  0.000000000000000E+000  0.000000000000000E+000   1.00000000000000     
  0.000000000000000E+000  0.000000000000000E+000  0.100000000000000     
   1.00000000000000       0.000000000000000E+000  0.000000000000000E+000
  0.000000000000000E+000   1.00000000000000       0.000000000000000E+000
  0.000000000000000E+000  0.000000000000000E+000   1.00000000000000     
END MAGNET FRAME END MAGNET FRAME END MAGNET FRAME END MAGNET FRAME 
  0.000000000000000E+000  0.000000000000000E+000  0.000000000000000E+000  0.000000000000000E+000  0.000000000000000E+000  0.000000000000000E+000                                                                                                               
  0.000000000000000E+000  0.000000000000000E+000  0.000000000000000E+000  0.000000000000000E+000  0.000000000000000E+000  0.000000000000000E+000                                                                                                               
  END OF A CHART  END OF A CHART  END OF A CHART  END OF A CHART  
  NO PATCH 
 $$$$$$$$$$$$$$$$$$$$$$$$$$$$$$$$ ELEMENT $$$$$$$$$$$$$$$$$$$$$$$$$$$$$$$$
          37 QF                       QF:1                    
  0.100000000000000      F F  L,PERMFRINGE,MIS 
  0.500000000000000       0.000000000000000E+000  0.000000000000000E+000  0.000000000000000E+000 FINT,HGAP,H1,H2                                                                                                                                               
  0.000000000000000E+000  0.000000000000000E+000  0.000000000000000E+000  0.000000000000000E+000  0.000000000000000E+000  0.000000000000000E+000 no more mis                                                                                                   
  NO ELECTRIC ELEMENT INFORMATION 
  NO_SOLENOID_PRESENT   0.000000000000000E+000
 MAGNET CHART MAGNET CHART MAGNET CHART MAGNET CHART MAGNET CHART MAGNET CHART 
 T           6           3           2  EXACT METHOD NST NMUL
  0.100000000000000       0.100000000000000       0.000000000000000E+000 TILT=   0.000000000000000E+000 LD LC B0                                                                                        
  0.772577875781603       0.634920015319084       0.675388251630995        1.14170002712006      BETA0 GAMMA0I GAMBET P0C                                                                               
  0.000000000000000E+000  0.000000000000000E+000  EDGES
 F F F  Kill_ent_fringe, kill_exi_fringe, bend_fringe 
MAGNET FRAME MAGNET FRAME MAGNET FRAME MAGNET FRAME MAGNET FRAME MAGNET 
  0.000000000000000E+000  0.000000000000000E+000  0.000000000000000E+000
   1.00000000000000       0.000000000000000E+000  0.000000000000000E+000
  0.000000000000000E+000   1.00000000000000       0.000000000000000E+000
  0.000000000000000E+000  0.000000000000000E+000   1.00000000000000     
  0.000000000000000E+000  0.000000000000000E+000  5.000000000000000E-002
   1.00000000000000       0.000000000000000E+000  0.000000000000000E+000
  0.000000000000000E+000   1.00000000000000       0.000000000000000E+000
  0.000000000000000E+000  0.000000000000000E+000   1.00000000000000     
  0.000000000000000E+000  0.000000000000000E+000  0.100000000000000     
   1.00000000000000       0.000000000000000E+000  0.000000000000000E+000
  0.000000000000000E+000   1.00000000000000       0.000000000000000E+000
  0.000000000000000E+000  0.000000000000000E+000   1.00000000000000     
END MAGNET FRAME END MAGNET FRAME END MAGNET FRAME END MAGNET FRAME 
 NO MAGNET APERTURE 
END MAGNET CHART END MAGNET CHART END MAGNET CHART END MAGNET CHART 
  0.000000000000000E+000  0.000000000000000E+000           1  BN AN %f            1                                                                                                                                                                            
   1.11710338490849       0.000000000000000E+000           1  BN AN %f            2                                                                                                                                                                            
 $$$$$$$$$$$$$$$$$$$$$$$$$$$$$$$$   END   $$$$$$$$$$$$$$$$$$$$$$$$$$$$$$$$
  @@@@@@@@@@@@@@@@@@@@  END  @@@@@@@@@@@@@@@@@@@@
  @@@@@@@@@@@@@@@@@@@@ FIBRE @@@@@@@@@@@@@@@@@@@@
 DIRECTION    1    0    3  203
  THIS IS A CHART THIS IS A CHART THIS IS A CHART THIS IS A CHART 
MAGNET FRAME MAGNET FRAME MAGNET FRAME MAGNET FRAME MAGNET FRAME MAGNET 
  0.000000000000000E+000  0.000000000000000E+000  0.100000000000000     
   1.00000000000000       0.000000000000000E+000  0.000000000000000E+000
  0.000000000000000E+000   1.00000000000000       0.000000000000000E+000
  0.000000000000000E+000  0.000000000000000E+000   1.00000000000000     
  0.000000000000000E+000  0.000000000000000E+000   1.12500000000000     
   1.00000000000000       0.000000000000000E+000  0.000000000000000E+000
  0.000000000000000E+000   1.00000000000000       0.000000000000000E+000
  0.000000000000000E+000  0.000000000000000E+000   1.00000000000000     
  0.000000000000000E+000  0.000000000000000E+000   2.15000000000000     
   1.00000000000000       0.000000000000000E+000  0.000000000000000E+000
  0.000000000000000E+000   1.00000000000000       0.000000000000000E+000
  0.000000000000000E+000  0.000000000000000E+000   1.00000000000000     
END MAGNET FRAME END MAGNET FRAME END MAGNET FRAME END MAGNET FRAME 
  0.000000000000000E+000  0.000000000000000E+000  0.000000000000000E+000  0.000000000000000E+000  0.000000000000000E+000  0.000000000000000E+000                                                                                                               
  0.000000000000000E+000  0.000000000000000E+000  0.000000000000000E+000  0.000000000000000E+000  0.000000000000000E+000  0.000000000000000E+000                                                                                                               
  END OF A CHART  END OF A CHART  END OF A CHART  END OF A CHART  
  NO PATCH 
 $$$$$$$$$$$$$$$$$$$$$$$$$$$$$$$$ ELEMENT $$$$$$$$$$$$$$$$$$$$$$$$$$$$$$$$
          31 D1                       D1:1                    
   2.05000000000000      F F  L,PERMFRINGE,MIS 
  0.500000000000000       0.000000000000000E+000  0.000000000000000E+000  0.000000000000000E+000 FINT,HGAP,H1,H2                                                                                                                                               
  0.000000000000000E+000  0.000000000000000E+000  0.000000000000000E+000  0.000000000000000E+000  0.000000000000000E+000  0.000000000000000E+000 no more mis                                                                                                   
  NO ELECTRIC ELEMENT INFORMATION 
  NO_SOLENOID_PRESENT   0.000000000000000E+000
 MAGNET CHART MAGNET CHART MAGNET CHART MAGNET CHART MAGNET CHART MAGNET CHART 
 T           2           1           0  EXACT METHOD NST NMUL
   2.05000000000000        2.05000000000000       0.000000000000000E+000 TILT=   0.000000000000000E+000 LD LC B0                                                                                        
  0.772577875781603       0.634920015319084       0.675388251630995        1.14170002712006      BETA0 GAMMA0I GAMBET P0C                                                                               
  0.000000000000000E+000  0.000000000000000E+000  EDGES
 F F F  Kill_ent_fringe, kill_exi_fringe, bend_fringe 
MAGNET FRAME MAGNET FRAME MAGNET FRAME MAGNET FRAME MAGNET FRAME MAGNET 
  0.000000000000000E+000  0.000000000000000E+000  0.100000000000000     
   1.00000000000000       0.000000000000000E+000  0.000000000000000E+000
  0.000000000000000E+000   1.00000000000000       0.000000000000000E+000
  0.000000000000000E+000  0.000000000000000E+000   1.00000000000000     
  0.000000000000000E+000  0.000000000000000E+000   1.12500000000000     
   1.00000000000000       0.000000000000000E+000  0.000000000000000E+000
  0.000000000000000E+000   1.00000000000000       0.000000000000000E+000
  0.000000000000000E+000  0.000000000000000E+000   1.00000000000000     
  0.000000000000000E+000  0.000000000000000E+000   2.15000000000000     
   1.00000000000000       0.000000000000000E+000  0.000000000000000E+000
  0.000000000000000E+000   1.00000000000000       0.000000000000000E+000
  0.000000000000000E+000  0.000000000000000E+000   1.00000000000000     
END MAGNET FRAME END MAGNET FRAME END MAGNET FRAME END MAGNET FRAME 
 NO MAGNET APERTURE 
END MAGNET CHART END MAGNET CHART END MAGNET CHART END MAGNET CHART 
 $$$$$$$$$$$$$$$$$$$$$$$$$$$$$$$$   END   $$$$$$$$$$$$$$$$$$$$$$$$$$$$$$$$
  @@@@@@@@@@@@@@@@@@@@  END  @@@@@@@@@@@@@@@@@@@@
  @@@@@@@@@@@@@@@@@@@@ FIBRE @@@@@@@@@@@@@@@@@@@@
 DIRECTION    1    0    4  203
  THIS IS A CHART THIS IS A CHART THIS IS A CHART THIS IS A CHART 
MAGNET FRAME MAGNET FRAME MAGNET FRAME MAGNET FRAME MAGNET FRAME MAGNET 
  0.000000000000000E+000  0.000000000000000E+000   2.15000000000000     
   1.00000000000000       0.000000000000000E+000  0.000000000000000E+000
  0.000000000000000E+000   1.00000000000000       0.000000000000000E+000
  0.000000000000000E+000  0.000000000000000E+000   1.00000000000000     
 -0.257271774029160       0.000000000000000E+000   6.23921774936726     
  0.998026728428272       0.000000000000000E+000  6.279051952931337E-002
  0.000000000000000E+000   1.00000000000000       0.000000000000000E+000
 -6.279051952931337E-002  0.000000000000000E+000  0.998026728428272     
 -0.514543548058320       0.000000000000000E+000   10.3284354987345     
  0.992114701314478       0.000000000000000E+000  0.125333233564304     
  0.000000000000000E+000   1.00000000000000       0.000000000000000E+000
 -0.125333233564304       0.000000000000000E+000  0.992114701314478     
END MAGNET FRAME END MAGNET FRAME END MAGNET FRAME END MAGNET FRAME 
  0.000000000000000E+000  0.000000000000000E+000  0.000000000000000E+000  0.000000000000000E+000  0.000000000000000E+000  0.000000000000000E+000                                                                                                               
  0.000000000000000E+000  0.000000000000000E+000  0.000000000000000E+000  0.000000000000000E+000  0.000000000000000E+000  0.000000000000000E+000                                                                                                               
  END OF A CHART  END OF A CHART  END OF A CHART  END OF A CHART  
  NO PATCH 
 $$$$$$$$$$$$$$$$$$$$$$$$$$$$$$$$ ELEMENT $$$$$$$$$$$$$$$$$$$$$$$$$$$$$$$$
          40 MB                       MB:1                    
   8.20000000000000      F F  L,PERMFRINGE,MIS 
  0.000000000000000E+000  0.000000000000000E+000  0.000000000000000E+000  0.000000000000000E+000 FINT,HGAP,H1,H2                                                                                                                                               
  0.000000000000000E+000  0.000000000000000E+000  0.000000000000000E+000  0.000000000000000E+000  0.000000000000000E+000  0.000000000000000E+000 no more mis                                                                                                   
  NO ELECTRIC ELEMENT INFORMATION 
  NO_SOLENOID_PRESENT   0.000000000000000E+000
 MAGNET CHART MAGNET CHART MAGNET CHART MAGNET CHART MAGNET CHART MAGNET CHART 
 T           6           3           5  EXACT METHOD NST NMUL
   8.20000000000000        8.19460568116670       1.532484221263314E-002 TILT=   0.000000000000000E+000 LD LC B0                                                                                        
  0.772577875781603       0.634920015319084       0.675388251630995        1.14170002712006      BETA0 GAMMA0I GAMBET P0C                                                                               
  0.000000000000000E+000  0.000000000000000E+000  EDGES
 F F T  Kill_ent_fringe, kill_exi_fringe, bend_fringe 
MAGNET FRAME MAGNET FRAME MAGNET FRAME MAGNET FRAME MAGNET FRAME MAGNET 
  0.000000000000000E+000  0.000000000000000E+000   2.15000000000000     
   1.00000000000000       0.000000000000000E+000  0.000000000000000E+000
  0.000000000000000E+000   1.00000000000000       0.000000000000000E+000
  0.000000000000000E+000  0.000000000000000E+000   1.00000000000000     
 -0.257271774029160       0.000000000000000E+000   6.23921774936726     
  0.998026728428272       0.000000000000000E+000  6.279051952931337E-002
  0.000000000000000E+000   1.00000000000000       0.000000000000000E+000
 -6.279051952931337E-002  0.000000000000000E+000  0.998026728428272     
 -0.514543548058320       0.000000000000000E+000   10.3284354987345     
  0.992114701314478       0.000000000000000E+000  0.125333233564304     
  0.000000000000000E+000   1.00000000000000       0.000000000000000E+000
 -0.125333233564304       0.000000000000000E+000  0.992114701314478     
END MAGNET FRAME END MAGNET FRAME END MAGNET FRAME END MAGNET FRAME 
 NO MAGNET APERTURE 
END MAGNET CHART END MAGNET CHART END MAGNET CHART END MAGNET CHART 
  1.532484221263314E-002  0.000000000000000E+000           1  BN AN %f            1                                                                                                                                                                            
  0.000000000000000E+000  0.000000000000000E+000           1  BN AN %f            2                                                                                                                                                                            
  0.000000000000000E+000  0.000000000000000E+000           1  BN AN %f            3                                                                                                                                                                            
  0.000000000000000E+000  0.000000000000000E+000           1  BN AN %f            4                                                                                                                                                                            
  0.000000000000000E+000  0.000000000000000E+000           1  BN AN %f            5                                                                                                                                                                            
 F  driftkick 
 $$$$$$$$$$$$$$$$$$$$$$$$$$$$$$$$   END   $$$$$$$$$$$$$$$$$$$$$$$$$$$$$$$$
  @@@@@@@@@@@@@@@@@@@@  END  @@@@@@@@@@@@@@@@@@@@
  @@@@@@@@@@@@@@@@@@@@ FIBRE @@@@@@@@@@@@@@@@@@@@
 DIRECTION    1    0    5  203
  THIS IS A CHART THIS IS A CHART THIS IS A CHART THIS IS A CHART 
MAGNET FRAME MAGNET FRAME MAGNET FRAME MAGNET FRAME MAGNET FRAME MAGNET 
 -0.514543548058320       0.000000000000000E+000   10.3284354987345     
  0.992114701314478       0.000000000000000E+000  0.125333233564304     
  0.000000000000000E+000   1.00000000000000       0.000000000000000E+000
 -0.125333233564304       0.000000000000000E+000  0.992114701314478     
 -0.643010112461732       0.000000000000000E+000   11.3453530675819     
  0.992114701314478       0.000000000000000E+000  0.125333233564304     
  0.000000000000000E+000   1.00000000000000       0.000000000000000E+000
 -0.125333233564304       0.000000000000000E+000  0.992114701314478     
 -0.771476676865144       0.000000000000000E+000   12.3622706364292     
  0.992114701314478       0.000000000000000E+000  0.125333233564304     
  0.000000000000000E+000   1.00000000000000       0.000000000000000E+000
 -0.125333233564304       0.000000000000000E+000  0.992114701314478     
END MAGNET FRAME END MAGNET FRAME END MAGNET FRAME END MAGNET FRAME 
  0.000000000000000E+000  0.000000000000000E+000  0.000000000000000E+000  0.000000000000000E+000  0.000000000000000E+000  0.000000000000000E+000                                                                                                               
  0.000000000000000E+000  0.000000000000000E+000  0.000000000000000E+000  0.000000000000000E+000  0.000000000000000E+000  0.000000000000000E+000                                                                                                               
  END OF A CHART  END OF A CHART  END OF A CHART  END OF A CHART  
  NO PATCH 
 $$$$$$$$$$$$$$$$$$$$$$$$$$$$$$$$ ELEMENT $$$$$$$$$$$$$$$$$$$$$$$$$$$$$$$$
          31 D1                       D1:2                    
   2.05000000000000      F F  L,PERMFRINGE,MIS 
  0.500000000000000       0.000000000000000E+000  0.000000000000000E+000  0.000000000000000E+000 FINT,HGAP,H1,H2                                                                                                                                               
  0.000000000000000E+000  0.000000000000000E+000  0.000000000000000E+000  0.000000000000000E+000  0.000000000000000E+000  0.000000000000000E+000 no more mis                                                                                                   
  NO ELECTRIC ELEMENT INFORMATION 
  NO_SOLENOID_PRESENT   0.000000000000000E+000
 MAGNET CHART MAGNET CHART MAGNET CHART MAGNET CHART MAGNET CHART MAGNET CHART 
 T           2           1           0  EXACT METHOD NST NMUL
   2.05000000000000        2.05000000000000       0.000000000000000E+000 TILT=   0.000000000000000E+000 LD LC B0                                                                                        
  0.772577875781603       0.634920015319084       0.675388251630995        1.14170002712006      BETA0 GAMMA0I GAMBET P0C                                                                               
  0.000000000000000E+000  0.000000000000000E+000  EDGES
 F F F  Kill_ent_fringe, kill_exi_fringe, bend_fringe 
MAGNET FRAME MAGNET FRAME MAGNET FRAME MAGNET FRAME MAGNET FRAME MAGNET 
 -0.514543548058320       0.000000000000000E+000   10.3284354987345     
  0.992114701314478       0.000000000000000E+000  0.125333233564304     
  0.000000000000000E+000   1.00000000000000       0.000000000000000E+000
 -0.125333233564304       0.000000000000000E+000  0.992114701314478     
 -0.643010112461732       0.000000000000000E+000   11.3453530675819     
  0.992114701314478       0.000000000000000E+000  0.125333233564304     
  0.000000000000000E+000   1.00000000000000       0.000000000000000E+000
 -0.125333233564304       0.000000000000000E+000  0.992114701314478     
 -0.771476676865144       0.000000000000000E+000   12.3622706364292     
  0.992114701314478       0.000000000000000E+000  0.125333233564304     
  0.000000000000000E+000   1.00000000000000       0.000000000000000E+000
 -0.125333233564304       0.000000000000000E+000  0.992114701314478     
END MAGNET FRAME END MAGNET FRAME END MAGNET FRAME END MAGNET FRAME 
 NO MAGNET APERTURE 
END MAGNET CHART END MAGNET CHART END MAGNET CHART END MAGNET CHART 
 $$$$$$$$$$$$$$$$$$$$$$$$$$$$$$$$   END   $$$$$$$$$$$$$$$$$$$$$$$$$$$$$$$$
  @@@@@@@@@@@@@@@@@@@@  END  @@@@@@@@@@@@@@@@@@@@
  @@@@@@@@@@@@@@@@@@@@ FIBRE @@@@@@@@@@@@@@@@@@@@
 DIRECTION    1    0    6  203
  THIS IS A CHART THIS IS A CHART THIS IS A CHART THIS IS A CHART 
MAGNET FRAME MAGNET FRAME MAGNET FRAME MAGNET FRAME MAGNET FRAME MAGNET 
 -0.771476676865144       0.000000000000000E+000   12.3622706364292     
  0.992114701314478       0.000000000000000E+000  0.125333233564304     
  0.000000000000000E+000   1.00000000000000       0.000000000000000E+000
 -0.125333233564304       0.000000000000000E+000  0.992114701314478     
 -0.777743338543359       0.000000000000000E+000   12.4118763714949     
  0.992114701314478       0.000000000000000E+000  0.125333233564304     
  0.000000000000000E+000   1.00000000000000       0.000000000000000E+000
 -0.125333233564304       0.000000000000000E+000  0.992114701314478     
 -0.784010000221574       0.000000000000000E+000   12.4614821065607     
  0.992114701314478       0.000000000000000E+000  0.125333233564304     
  0.000000000000000E+000   1.00000000000000       0.000000000000000E+000
 -0.125333233564304       0.000000000000000E+000  0.992114701314478     
END MAGNET FRAME END MAGNET FRAME END MAGNET FRAME END MAGNET FRAME 
  0.000000000000000E+000  0.000000000000000E+000  0.000000000000000E+000  0.000000000000000E+000  0.000000000000000E+000  0.000000000000000E+000                                                                                                               
  0.000000000000000E+000  0.000000000000000E+000  0.000000000000000E+000  0.000000000000000E+000  0.000000000000000E+000  0.000000000000000E+000                                                                                                               
  END OF A CHART  END OF A CHART  END OF A CHART  END OF A CHART  
  NO PATCH 
 $$$$$$$$$$$$$$$$$$$$$$$$$$$$$$$$ ELEMENT $$$$$$$$$$$$$$$$$$$$$$$$$$$$$$$$
          37 QD                       QD:1                    
  0.100000000000000      F F  L,PERMFRINGE,MIS 
  0.500000000000000       0.000000000000000E+000  0.000000000000000E+000  0.000000000000000E+000 FINT,HGAP,H1,H2                                                                                                                                               
  0.000000000000000E+000  0.000000000000000E+000  0.000000000000000E+000  0.000000000000000E+000  0.000000000000000E+000  0.000000000000000E+000 no more mis                                                                                                   
  NO ELECTRIC ELEMENT INFORMATION 
  NO_SOLENOID_PRESENT   0.000000000000000E+000
 MAGNET CHART MAGNET CHART MAGNET CHART MAGNET CHART MAGNET CHART MAGNET CHART 
 T           6           3           2  EXACT METHOD NST NMUL
  0.100000000000000       0.100000000000000       0.000000000000000E+000 TILT=   0.000000000000000E+000 LD LC B0                                                                                        
  0.772577875781603       0.634920015319084       0.675388251630995        1.14170002712006      BETA0 GAMMA0I GAMBET P0C                                                                               
  0.000000000000000E+000  0.000000000000000E+000  EDGES
 F F F  Kill_ent_fringe, kill_exi_fringe, bend_fringe 
MAGNET FRAME MAGNET FRAME MAGNET FRAME MAGNET FRAME MAGNET FRAME MAGNET 
 -0.771476676865144       0.000000000000000E+000   12.3622706364292     
  0.992114701314478       0.000000000000000E+000  0.125333233564304     
  0.000000000000000E+000   1.00000000000000       0.000000000000000E+000
 -0.125333233564304       0.000000000000000E+000  0.992114701314478     
 -0.777743338543359       0.000000000000000E+000   12.4118763714949     
  0.992114701314478       0.000000000000000E+000  0.125333233564304     
  0.000000000000000E+000   1.00000000000000       0.000000000000000E+000
 -0.125333233564304       0.000000000000000E+000  0.992114701314478     
 -0.784010000221574       0.000000000000000E+000   12.4614821065607     
  0.992114701314478       0.000000000000000E+000  0.125333233564304     
  0.000000000000000E+000   1.00000000000000       0.000000000000000E+000
 -0.125333233564304       0.000000000000000E+000  0.992114701314478     
END MAGNET FRAME END MAGNET FRAME END MAGNET FRAME END MAGNET FRAME 
 NO MAGNET APERTURE 
END MAGNET CHART END MAGNET CHART END MAGNET CHART END MAGNET CHART 
  0.000000000000000E+000  0.000000000000000E+000           1  BN AN %f            1                                                                                                                                                                            
  -1.13745265541237       0.000000000000000E+000           1  BN AN %f            2                                                                                                                                                                            
 $$$$$$$$$$$$$$$$$$$$$$$$$$$$$$$$   END   $$$$$$$$$$$$$$$$$$$$$$$$$$$$$$$$
  @@@@@@@@@@@@@@@@@@@@  END  @@@@@@@@@@@@@@@@@@@@
  @@@@@@@@@@@@@@@@@@@@ FIBRE @@@@@@@@@@@@@@@@@@@@
 DIRECTION    1    0    7  203
  THIS IS A CHART THIS IS A CHART THIS IS A CHART THIS IS A CHART 
MAGNET FRAME MAGNET FRAME MAGNET FRAME MAGNET FRAME MAGNET FRAME MAGNET 
 -0.784010000221574       0.000000000000000E+000   12.4614821065607     
  0.992114701314478       0.000000000000000E+000  0.125333233564304     
  0.000000000000000E+000   1.00000000000000       0.000000000000000E+000
 -0.125333233564304       0.000000000000000E+000  0.992114701314478     
 -0.912476564624986       0.000000000000000E+000   13.4783996754080     
  0.992114701314478       0.000000000000000E+000  0.125333233564304     
  0.000000000000000E+000   1.00000000000000       0.000000000000000E+000
 -0.125333233564304       0.000000000000000E+000  0.992114701314478     
  -1.04094312902840       0.000000000000000E+000   14.4953172442553     
  0.992114701314478       0.000000000000000E+000  0.125333233564304     
  0.000000000000000E+000   1.00000000000000       0.000000000000000E+000
 -0.125333233564304       0.000000000000000E+000  0.992114701314478     
END MAGNET FRAME END MAGNET FRAME END MAGNET FRAME END MAGNET FRAME 
  0.000000000000000E+000  0.000000000000000E+000  0.000000000000000E+000  0.000000000000000E+000  0.000000000000000E+000  0.000000000000000E+000                                                                                                               
  0.000000000000000E+000  0.000000000000000E+000  0.000000000000000E+000  0.000000000000000E+000  0.000000000000000E+000  0.000000000000000E+000                                                                                                               
  END OF A CHART  END OF A CHART  END OF A CHART  END OF A CHART  
  NO PATCH 
 $$$$$$$$$$$$$$$$$$$$$$$$$$$$$$$$ ELEMENT $$$$$$$$$$$$$$$$$$$$$$$$$$$$$$$$
          31 D1                       D1:3                    
   2.05000000000000      F F  L,PERMFRINGE,MIS 
  0.500000000000000       0.000000000000000E+000  0.000000000000000E+000  0.000000000000000E+000 FINT,HGAP,H1,H2                                                                                                                                               
  0.000000000000000E+000  0.000000000000000E+000  0.000000000000000E+000  0.000000000000000E+000  0.000000000000000E+000  0.000000000000000E+000 no more mis                                                                                                   
  NO ELECTRIC ELEMENT INFORMATION 
  NO_SOLENOID_PRESENT   0.000000000000000E+000
 MAGNET CHART MAGNET CHART MAGNET CHART MAGNET CHART MAGNET CHART MAGNET CHART 
 T           2           1           0  EXACT METHOD NST NMUL
   2.05000000000000        2.05000000000000       0.000000000000000E+000 TILT=   0.000000000000000E+000 LD LC B0                                                                                        
  0.772577875781603       0.634920015319084       0.675388251630995        1.14170002712006      BETA0 GAMMA0I GAMBET P0C                                                                               
  0.000000000000000E+000  0.000000000000000E+000  EDGES
 F F F  Kill_ent_fringe, kill_exi_fringe, bend_fringe 
MAGNET FRAME MAGNET FRAME MAGNET FRAME MAGNET FRAME MAGNET FRAME MAGNET 
 -0.784010000221574       0.000000000000000E+000   12.4614821065607     
  0.992114701314478       0.000000000000000E+000  0.125333233564304     
  0.000000000000000E+000   1.00000000000000       0.000000000000000E+000
 -0.125333233564304       0.000000000000000E+000  0.992114701314478     
 -0.912476564624986       0.000000000000000E+000   13.4783996754080     
  0.992114701314478       0.000000000000000E+000  0.125333233564304     
  0.000000000000000E+000   1.00000000000000       0.000000000000000E+000
 -0.125333233564304       0.000000000000000E+000  0.992114701314478     
  -1.04094312902840       0.000000000000000E+000   14.4953172442553     
  0.992114701314478       0.000000000000000E+000  0.125333233564304     
  0.000000000000000E+000   1.00000000000000       0.000000000000000E+000
 -0.125333233564304       0.000000000000000E+000  0.992114701314478     
END MAGNET FRAME END MAGNET FRAME END MAGNET FRAME END MAGNET FRAME 
 NO MAGNET APERTURE 
END MAGNET CHART END MAGNET CHART END MAGNET CHART END MAGNET CHART 
 $$$$$$$$$$$$$$$$$$$$$$$$$$$$$$$$   END   $$$$$$$$$$$$$$$$$$$$$$$$$$$$$$$$
  @@@@@@@@@@@@@@@@@@@@  END  @@@@@@@@@@@@@@@@@@@@
  @@@@@@@@@@@@@@@@@@@@ FIBRE @@@@@@@@@@@@@@@@@@@@
 DIRECTION    1    0    8  203
  THIS IS A CHART THIS IS A CHART THIS IS A CHART THIS IS A CHART 
MAGNET FRAME MAGNET FRAME MAGNET FRAME MAGNET FRAME MAGNET FRAME MAGNET 
  -1.04094312902840       0.000000000000000E+000   14.4953172442553     
  0.992114701314478       0.000000000000000E+000  0.125333233564304     
  0.000000000000000E+000   1.00000000000000       0.000000000000000E+000
 -0.125333233564304       0.000000000000000E+000  0.992114701314478     
  -1.80870112155273       0.000000000000000E+000   18.5200455869348     
  0.982287250728689       0.000000000000000E+000  0.187381314585725     
  0.000000000000000E+000   1.00000000000000       0.000000000000000E+000
 -0.187381314585725       0.000000000000000E+000  0.982287250728689     
  -2.57645911407706       0.000000000000000E+000   22.5447739296143     
  0.968583161128631       0.000000000000000E+000  0.248689887164855     
  0.000000000000000E+000   1.00000000000000       0.000000000000000E+000
 -0.248689887164855       0.000000000000000E+000  0.968583161128631     
END MAGNET FRAME END MAGNET FRAME END MAGNET FRAME END MAGNET FRAME 
  0.000000000000000E+000  0.000000000000000E+000  0.000000000000000E+000  0.000000000000000E+000  0.000000000000000E+000  0.000000000000000E+000                                                                                                               
  0.000000000000000E+000  0.000000000000000E+000  0.000000000000000E+000  0.000000000000000E+000  0.000000000000000E+000  0.000000000000000E+000                                                                                                               
  END OF A CHART  END OF A CHART  END OF A CHART  END OF A CHART  
  NO PATCH 
 $$$$$$$$$$$$$$$$$$$$$$$$$$$$$$$$ ELEMENT $$$$$$$$$$$$$$$$$$$$$$$$$$$$$$$$
          40 MB                       MB:2                    
   8.20000000000000      F F  L,PERMFRINGE,MIS 
  0.000000000000000E+000  0.000000000000000E+000  0.000000000000000E+000  0.000000000000000E+000 FINT,HGAP,H1,H2                                                                                                                                               
  0.000000000000000E+000  0.000000000000000E+000  0.000000000000000E+000  0.000000000000000E+000  0.000000000000000E+000  0.000000000000000E+000 no more mis                                                                                                   
  NO ELECTRIC ELEMENT INFORMATION 
  NO_SOLENOID_PRESENT   0.000000000000000E+000
 MAGNET CHART MAGNET CHART MAGNET CHART MAGNET CHART MAGNET CHART MAGNET CHART 
 T           6           3           5  EXACT METHOD NST NMUL
   8.20000000000000        8.19460568116670       1.532484221263314E-002 TILT=   0.000000000000000E+000 LD LC B0                                                                                        
  0.772577875781603       0.634920015319084       0.675388251630995        1.14170002712006      BETA0 GAMMA0I GAMBET P0C                                                                               
  0.000000000000000E+000  0.000000000000000E+000  EDGES
 F F T  Kill_ent_fringe, kill_exi_fringe, bend_fringe 
MAGNET FRAME MAGNET FRAME MAGNET FRAME MAGNET FRAME MAGNET FRAME MAGNET 
  -1.04094312902840       0.000000000000000E+000   14.4953172442553     
  0.992114701314478       0.000000000000000E+000  0.125333233564304     
  0.000000000000000E+000   1.00000000000000       0.000000000000000E+000
 -0.125333233564304       0.000000000000000E+000  0.992114701314478     
  -1.80870112155273       0.000000000000000E+000   18.5200455869348     
  0.982287250728689       0.000000000000000E+000  0.187381314585725     
  0.000000000000000E+000   1.00000000000000       0.000000000000000E+000
 -0.187381314585725       0.000000000000000E+000  0.982287250728689     
  -2.57645911407706       0.000000000000000E+000   22.5447739296143     
  0.968583161128631       0.000000000000000E+000  0.248689887164855     
  0.000000000000000E+000   1.00000000000000       0.000000000000000E+000
 -0.248689887164855       0.000000000000000E+000  0.968583161128631     
END MAGNET FRAME END MAGNET FRAME END MAGNET FRAME END MAGNET FRAME 
 NO MAGNET APERTURE 
END MAGNET CHART END MAGNET CHART END MAGNET CHART END MAGNET CHART 
  1.532484221263314E-002  0.000000000000000E+000           1  BN AN %f            1                                                                                                                                                                            
  0.000000000000000E+000  0.000000000000000E+000           1  BN AN %f            2                                                                                                                                                                            
  0.000000000000000E+000  0.000000000000000E+000           1  BN AN %f            3                                                                                                                                                                            
  0.000000000000000E+000  0.000000000000000E+000           1  BN AN %f            4                                                                                                                                                                            
