betay0 = 13.4860516011
energy = 938341313.183
phi_s = 0
turns_max = 15000
etax0 = 1.94640065716
intensity = 40000000000.0
bunch_length = 4.41461388492e-05
harmonic_number = 2838
etay0 = 0.0
LongitudinalCut = 2.4
betax0 = 12.7971109056
y0 = 0.0
x0 = -2.2924191797e-15
turns_update = [-1, 99, 199, 299, 399, 499, 599, 699, 799, 899, 999, 1099, 1199, 1299, 1399, 1499, 1599, 1699, 1799, 1899, 1999, 2099, 2199, 2299, 2399, 2499, 2599, 2699, 2799, 2899, 2999, 3099, 3199, 3299, 3399, 3499, 3599, 3699, 3799, 3899, 3999, 4099, 4199, 4299, 4399, 4499, 4599, 4699, 4799, 4899, 4999, 5099, 5199, 5299, 5399, 5499, 5599, 5699, 5799, 5899, 5999, 6099, 6199, 6299, 6399, 6499, 6599, 6699, 6799, 6899, 6999, 7099, 7199, 7299, 7399, 7499, 7599, 7699, 7799, 7899, 7999, 8099, 8199, 8299, 8399, 8499, 8599, 8699, 8799, 8899, 8999, 9099, 9199, 9299, 9399, 9499, 9599, 9699, 9799, 9899, 9999, 10099, 10199, 10299, 10399, 10499, 10599, 10699, 10799, 10899, 10999, 11099, 11199, 11299, 11399, 11499, 11599, 11699, 11799, 11899, 11999, 12099, 12199, 12299, 12399, 12499, 12599, 12699, 12799, 12899, 12999, 13099, 13199, 13299, 13399, 13499, 13599, 13699, 13799, 13899, 13999, 14099, 14199, 14299, 14399, 14499, 14599, 14699, 14799, 14899, 14999]
LongitudinalJohoParameter = 1.2
turns_print = [-1, 9999]
alphay0 = 0.427052241398
circumference = 216.719993472
rf_voltage = 0.0
epsn_y = 4.65e-06
epsn_x = 6.285e-06
yp0 = 0.0
TransverseCut = 5
beta = 0.0121519917608
blength_rms = 40.2068675648
dpp_rms = 8.33333333333e-05
length = 0.0763636340634
alphax0 = 1.29174698002
n_macroparticles = 20
etapx0 = -0.325338371885
macrosize = 2000000000.0
gamma_transition = 5.10546069121
xp0 = -7.06790585572e-16
etapy0 = 0.0
gamma = 1.00007384363
